====================Italyae_br
FP = 2723
FN = 2584
OE = 5307.0000
FPR = 0.0220
FNR = 0.0209
OER = 0.0429
PCC = 0.9571
Kappa = 0.6323
F1 = 0.6552
             
PCC_UN = 0.9765
PCC_CHG = 0.6612
PCC_all = 0.9571

AP=0.623910
AUC=0.893459
accuracy=0.957063    Kappa=0.632296