999	32	3532	1386	4918	0.987992871	0.568470069	0.574346547

AP=0.527978
AUC=0.982441
accuracy=0.989607    Kappa=0.572566
