999	20	10638	11556	22194	0.959363036	0.469179723	0.490332063
AP=0.498719
AUC=0.910730
accuracy=0.960344    Kappa=0.469815
